0.5 	0 		0 		0.1 	0.1 	0.1 	2		1	0	0	0
-1 		1 		0 		0.1 	0.1 	0.1 	10		0	0	0	0
0.75	0.75 	0 		0.1 	0.1 	0.1 	0.01	0	0	0	0
-0.5 	0.4 	0		0.1 	0.1 	0.1 	0.01	0	0	0	0
1 		-0.75 	0	 	0.1 	0.1 	0.1 	0.01	0	0	0	0
0.2 	0.5 	0	 	0.1 	0.1 	0.1 	0.01	0	0	0	0
-0.5 	-1		0	 	0.1 	0.1 	0.1 	0.01	0	0	0	0
-0.75 	-0.3 	0	 	0.1 	0.1 	0.1 	0.01	0	0	0	0
0.6 	0.2 	0	 	0.1 	0.1 	0.1 	0.01	0	0	0	0
0.1 	0.6 	0	 	0.1 	0.1 	0.1 	0.01	0	0	0	0
-0.5 	-0.5  	0	 	0.1 	0.1 	0.1 	0.01	0	0	0	0
-1.2 	-1.2  	0	 	0.1 	0.1 	0.1 	0.01	0	0	0	0
